
216
(
109
130
427
577
115
132
429
575
118
139
441
578
148
254
874
1300
296
405
1989
2144
558
605
904
1310
572
597
943
1289
860
871
2206
2217
1114
1163
2318
2341
1116
1165
2321
2342
1125
1167
2320
2343
1142
1191
2331
2348
1143
1178
2333
2345
1148
1180
2337
2347
1154
1166
2303
2322
1154
1168
2304
2319
1155
1156
2302
2303
1155
1164
2304
2317
1156
1175
2301
2314
1157
1170
2302
2311
1157
1172
2301
2312
1158
1181
2307
2335
1158
1183
2308
2334
1159
1160
2306
2307
1159
1177
2308
2332
1160
1190
2305
2336
1161
1185
2306
2327
1161
1189
2305
2325
1162
1163
2316
2318
1162
1164
2316
2317
1162
1312
2316
2405
1163
1168
2318
2319
1164
1170
2311
2317
1165
1167
2320
2321
1165
1168
2319
2321
1166
1167
2320
2322
1166
1176
2322
2330
1169
1170
2309
2311
1169
1171
2309
2310
1169
1313
2309
2397
1176
1177
2330
2332
1176
1179
2330
2339
1177
1191
2331
2332
1178
1183
2333
2334
1178
1191
2331
2333
1180
1182
2337
2338
1180
1183
2334
2337
1181
1182
2335
2338
1181
1190
2335
2336
1182
1268
2338
2388
1187
1188
2328
2329
1187
1190
2329
2336
1187
1267
2329
2387
1675
1823
2222
2262
)
